-21.619793892356206
-9.6425302626471883
-8.5522678663545406
-7.9004590917536106
-7.4265388391752811
-7.0503801729082181
-6.7375515652674531
-6.46646620216685
-6.2285495166431781
-6.0133853543878306
-5.8177452185252401
-5.637205478837668
-5.4694353212362774
-5.3133317742570689
-5.1648987700696907
-5.0248563202891301
-4.8917362633297365
-4.7646097663702021
-4.6427164133248455
-4.525784669835387
-4.4135959049644118
-4.3046441096983541
-4.1989653244123586
-4.0972166215952868
-3.998361381907114
-3.9019017200153665
-3.8079904777887341
-3.7161958027977251
-3.6261787212884928
-3.5397909328266559
-3.453879239599059
-3.3702817907357501
-3.2880702610519918
-3.207200891534181
-3.1281067084977638
-3.0500725619171263
-2.9734547106963332
-2.8983998489005338
-2.8241688244873577
-2.7511021188742752
-2.6790782108575995
-2.608175097967568
-2.5380508338027559
-2.4688386129524296
-2.4010630957721024
-2.3326132391703078
-2.2669311483049408
-2.2004838390023607
-2.135350811628868
-2.0704164980764661
-2.0065880777473128
-1.9439807956214488
-1.8806788150963378
-1.8190127678639665
-1.7572646452143352
-1.6964542842438961
-1.6363595018043635
-1.576537676790738
-1.5174691339999971
-1.4581252767267441
-1.3998398387845254
-1.3413516833278196
-1.2836759892989251
-1.2262925701835756
-1.1697193361613292
-1.1137095590272563
-1.0571266139054438
-1.0021647035457228
-0.94602575453934534
-0.89126664949759027
-0.83667343224353607
-0.78229980170557534
-0.72854367280292942
-0.67489634329397019
-0.62148048320004468
-0.56791108986104244
-0.51559030647077331
-0.4629845790581183
-0.41064653962704456
-0.35877435627351079
-0.30666920831442518
-0.25491578349958216
-0.2033711029276303
-0.15304102313519308
-0.10239553048544484
-0.051188795640330499
-0.0015521131968475833
0.049347396521777179
0.098899162344529196
0.1491959100731412
0.19821599367360646
0.24761236799616926
0.29675958004189334
0.34532080267079224
0.3945505136580002
0.4434281519515757
0.49174673973610117
0.5407112532946502
0.58838405474140765
0.63649275177393017
0.68412252359116266
0.7317812702645391
0.77951426622055064
0.82714019085099
0.87421655128666576
0.92155948362169393
0.96848992248063415
1.0148143290329688
1.0621209202689241
1.1085299613421233
1.1550409678010385
1.2011092525977318
1.2473209890581678
1.293330591727256
1.3394601443080678
1.3854254048901387
1.4314572106643211
1.4773853381730269
1.5228188882935427
1.5673410085314612
1.6139708031423741
1.6584017511075186
1.7035006683631702
1.7487139961046771
1.793596460626401
1.8391646140956679
1.8831883293393259
1.9282456014406586
1.9730793501019188
2.017882737159665
2.0618409284601027
2.1061321840634029
2.1501208895630204
2.1942974237026664
2.239038587393325
2.2824265312148153
2.3264066215602166
2.3704793439245457
2.4143478186197029
2.458049365270885
2.5016382163607962
2.545364425687783
2.5896865734514654
2.6322057351838035
2.6761310417761317
2.7193126241274603
2.7631965878853832
2.805698889025086
2.8490601690035051
2.8915203426229037
2.9345906113424061
2.9777723585188314
3.0208603023679874
3.0631798512631629
3.1068557208600338
3.1495326673731805
3.1921120388954658
3.2346471836847188
3.2772560794261212
3.3194921450821888
3.3625761400979353
3.4042197637644387
3.4470545832068757
3.4893482203772819
3.5311396513683215
3.5738717083185474
3.6162879979603066
3.6580972935181757
3.6997596454669868
3.7425988069068068
3.7846291220493065
3.8270305170270076
3.8681941356904055
3.9103539594264993
3.9519040444944395
3.9939418475403645
4.0358196283288352
4.0775701701874922
4.1188885351075797
4.1608359441992482
4.2026505341269544
4.2441658836260761
4.2857962887617873
4.3271124552521609
4.3688920178201851
4.410745589354212
4.4516844780857578
4.4929021840744054
4.534290556696452
4.5754741083676977
4.6177938642692071
4.6587705146226046
4.7003380247084596
4.7413210870821354
4.7820779501226989
4.8231099166104583
4.8640358970117941
4.9051262656998107
4.9470431655501104
4.9877512956095771
5.0288779660134741
5.0701789293955155
5.1112021567246408
5.151717711778022
5.1931075090023322
5.2330974548331035
5.2747962282367702
5.3157325249728293
5.3559110025844276
5.3972960079352434
5.4379442002828231
5.4792649491729186
5.519957086029466
5.5605639650218901
5.6012126911036271
5.6415154861003636
5.6824455743897824
5.7226193697201184
5.7637790078217526
5.8041877448536194
5.8452271987083222
5.8852025076689927
5.9258354117757239
5.9664104283592359
6.0069104082810263
6.0476401730531277
6.0882595960090953
6.128658888563872
6.1687779779750498
6.2087517322300751
6.250374110509048
6.2899154681481813
6.3302161163938155
6.3705020070516944
6.4107909029151218
6.4511378672926201
6.4915839597810603
6.5323707055170903
6.5722417887522822
6.6134453389472068
6.6529906339230394
6.6926563744790455
6.7330801363757677
6.7735631585406333
6.8142143161693269
6.8540213857032208
6.8942017759347518
6.9340112957671076
6.9746454216770024
7.0148386307855741
7.0550698074912681
7.094458619692646
7.1351945034042012
7.1752052212414759
7.2147490822798908
7.2550782751554435
7.294972560951603
7.3357264129667836
7.3754055397416352
7.41516942858234
7.4556836982180714
7.4953424041008043
7.5350469828561941
7.5751740937593466
7.6150894382700711
7.6548794766388095
7.6949307996979588
7.7351538855649533
7.7749435444518378
7.8150095085771785
7.8545050951777915
7.8952948604998854
7.935016458997155
7.9746081542025049
8.0141657497869687
8.0539628305568165
8.0941249892290621
8.133583147452299
8.1733405351125459
8.2135057963910221
8.2534520007338514
8.29342366221017
8.3327093780852746
8.3720791938695367
8.4123232041894198
8.4523512143210873
8.4922400019504938
8.5318724897228542
8.5711626445789122
8.6114947675132676
8.6509733246584215
8.6912521288976592
8.7301401779934107
8.7705593963463482
8.8096483948896083
8.8491099641599131
8.8888580069811685
8.9289464568551296
8.9692961018855168
9.00922912644047
9.0480607564101803
9.08825028157041
9.1267335142441333
9.1672813436619052
9.2074086605392758
9.2463544416400048
9.2868677003893847
9.3256001885567219
9.3656871048893819
9.4042377004308157
9.4441221093349519
9.4841848083753213
9.5236563597099106
9.5634219626657959
9.6028440622134159
9.6428561901409839
9.6821426499567096
9.7219611853218915
9.7610997214904138
9.8006410510812501
9.8404806049133651
9.880040686450851
9.9196375740794931
9.959414185303217
9.9986031858721631
10.038306018178414
10.077684778813975
10.117469693187784
10.156191823565749
10.196197717907896
10.236114948977143
10.275043337121387
10.31523094509234
10.354328628408568
10.393750134996171
10.433651103881607
10.473092588864048
10.512415772126019
10.551522789127899
10.591332845688299
10.630771049535953
10.670860839375976
10.710200002390335
10.749930250409008
10.788808023225917
10.828499088594015
10.867922981378848
10.907103949788949
10.946558115860608
10.985514094052066
11.025083858056599
11.065070774058492
11.104660583132921
11.14396634806708
11.183158751279706
11.222795548001463
11.262219036450761
11.302142668214406
11.340618851288111
11.380435844135382
11.419466193611717
11.459762186098851
11.499176786079483
11.53934881325157
11.577801435898897
11.616983545841679
11.656407248660319
11.695539280663235
11.735300850979339
11.774789191177248
11.814381158552877
11.853385809619226
11.893171584661582
11.931560815413331
11.971849572199954
12.011011702350689
12.049953439746883
12.089217824622326
12.129318556270356
12.168768564310504
12.207982297914015
12.246996942753984
12.286942475127599
12.32638190869107
12.364992523229294
12.405004465200175
12.44392105278615
12.483276786259552
12.523046868365551
12.562829651348073
12.601913092576579
12.641444787462795
12.679680458707619
12.720066415782005
12.759284087698189
12.798204215634584
12.837819361865717
12.877380985437597
12.916572821102923
12.955611049083068
12.995548231000244
13.034633328840199
13.074386549744082
13.113152820384903
13.152053700099337
13.191710657824443
13.231366605897293
13.270652625505081
13.309887359306488
13.349055414060739
13.388791672837581
13.42824494915776
13.46741578888496
13.505778722718027
13.545995142152469
13.585227735253042
13.624236520429202
13.663245146528928
13.702973564384514
13.742557401237159
13.780999358482996
13.82152924078151
13.86039818380436
13.899838614138078
13.939034074986983
13.978145679885174
14.017935459606205
14.056232312569568
14.095602101297914
14.135261632735494
14.174608577097041
14.214078979971402
14.25330769148162
14.292411796867661
14.331772542497978
14.371300298851907
14.410664180218605
14.450005869802036
14.489077282950875
14.528616396625203
14.567448039165578
14.606986632095392
14.646220267751191
14.685866873990907
14.725089631792224
14.764232761535926
14.803701718238303
14.84276850907179
14.881945750976106
14.921452872440662
14.960657772375699
14.999299005552292
15.039071274792729
15.078458491479074
15.117694037250445
15.156867280770829
15.196115395132518
15.236063738325045
15.274037012647044
15.313749009716648
15.353765059838324
15.393286636197011
15.431776360151311
15.47125184667625
15.510497589811582
15.549965593885002
15.588785152859231
15.628466874148558
15.667743240499966
15.706257034749301
15.746318137863112
15.785394318377813
15.824332666840149
15.864099256488933
15.902380539398974
15.942388615946085
15.981451325178684
16.020840499383993
16.06038286952278
16.099690000871142
16.138636663888704
16.177626983370551
16.217683850784976
16.256265055063402
16.296129289324462
16.335552342116369
16.374754461847619
16.414004226491592
16.453412554507512
16.491861710102938
16.531378015268562
16.570346277944747
16.609330832661737
16.648657378530785
16.688064925517025
16.72746800509368
16.767511791136254
16.806155186595745
16.84523093679482
16.885005243143123
