-22.115142170641327
-10.137823476441648
-9.0472599861521026
-8.3947138557128884
-7.9210687312715207
-7.5450599299883585
-7.2317490619264442
-6.9615993168979635
-6.7224584544141059
-6.5071984531504254
-6.3111478969835861
-6.1305436203259847
-5.9631569652476282
-5.8056619883733225
-5.6576370549256412
-5.5172099771795464
-5.3839795573281144
-5.2564269871504878
-5.1345983110280509
-5.0176029064892731
-4.9048653534395541
-4.7960023854048464
-4.6900095657573573
-4.5882206419707288
-4.4886475580990908
-4.3919494621950763
-4.2979940988127501
-4.2060788267759328
-4.1163651554369762
-4.0290776794340575
-3.9431741191130976
-3.8585996891951115
-3.7766391034516071
-3.6958571562966118
-3.6160803396736432
-3.5381600486071694
-3.4620840109391731
-3.3856525621192746
-3.3121888430940074
-3.238819737377288
-3.1663372814746471
-3.095175622599545
-3.0253039877853696
-2.9548833047798828
-2.8869378526467586
-2.8191526954750152
-2.752767682726954
-2.6863338808733195
-2.6210653167637599
-2.5557970511941441
-2.4922723648597569
-2.4286303723982599
-2.3659954481026131
-2.3036695754681848
-2.2418369269821685
-2.1810737333810604
-2.1204760968674785
-2.0604519570126434
-2.0006772183410511
-1.9414229557834672
-1.8829421602837968
-1.8247798635393524
-1.7670807603031446
-1.7091753051781051
-1.6523180047962085
-1.5961321110440301
-1.5400315330161012
-1.4839891805582022
-1.4287599663121888
-1.3735947487261275
-1.3185458084045276
-1.2638484014149793
-1.2099163018349757
-1.1555391186368373
-1.1022288601552264
-1.0491704119811553
-0.99595568989756889
-0.94324582199872442
-0.89120184248399015
-0.83875585068855529
-0.78613597962628434
-0.73518955362606619
-0.68325641374923485
-0.63223438723296332
-0.58122822404444252
-0.53054163184769676
-0.48007700193495817
-0.42998878631708026
-0.3795729752559317
-0.32921008917183192
-0.2789657499776918
-0.23016609909916141
-0.18081561008909355
-0.1312946378081486
-0.083040960668658473
-0.033705995184443109
0.014083060619048588
0.063424301856896348
0.11157136260472068
0.15985520416823334
0.20751302461536725
0.25571428134861679
0.30265830695754409
0.35042053788632294
0.39777272398899804
0.44541176604790655
0.49229018320415296
0.53924687819757977
0.58641300274644514
0.6330413637707647
0.67925982303625054
0.72612052674614858
0.7726255921019336
0.81928088094498053
0.86496319273609057
0.91097899126784421
0.95735014747519598
1.0024278678607081
1.0486085003214087
1.0940736778726383
1.1390551809200098
1.1850251018971367
1.2294628135273791
1.2752294787725378
1.3202465361310496
1.365348505439886
1.4101173458323168
1.4547266027658625
1.4996316371609666
1.5441583579260092
1.5890590015661443
1.6339230746271227
1.6782070607307931
1.7219530358134998
1.7664825463230986
1.8104174418372172
1.8546551003087024
1.8983002148120873
1.9422564168363687
1.9865811206250217
2.0298050043661897
2.0739775339035944
2.1174056409736064
2.1606366738548375
2.2044017792110866
2.2477040643628139
2.2911139316094156
2.3348386429334806
2.3782518883978674
2.4209935446845261
2.464304031995753
2.5078204967084385
2.5504345925673619
2.593407695584907
2.6356646550938687
2.6784599454963405
2.7215030818930783
2.7645726866988412
2.8072203260657984
2.8498493059928216
2.8924280185787259
2.9351161541123667
2.9770400619469828
3.0196766934049504
3.0615659308778334
3.1042154934121244
3.1468718717658488
3.1892197204795476
3.2315580584787384
3.2732960217877802
3.3153715766980096
3.3578314958625155
3.4000801676584267
3.4416937749149823
3.4837975183806171
3.525589564502936
3.5676708976925315
3.6090792429081175
3.6511577810348026
3.693147594224635
3.7339679364786993
3.7759161667956533
3.8175078164122493
3.8593909225517753
3.9002380272618757
3.9423302989881965
3.9840220931369572
4.0255954881265135
4.0672052071592244
4.1086256821210476
4.1502135045708402
4.1907227291074607
4.2327848118124773
4.2741826986423526
4.3155567977094398
4.3563589665153293
4.3978055576049746
4.4391079571753611
4.480654652847214
4.5212675962446411
4.562364099176385
4.603213504592131
4.6439349010701196
4.6854544006742271
4.7266446089910064
4.7671573363206727
4.8086528019761321
4.8489894850774489
4.8897722302661233
4.930837135942733
4.9721392770831692
5.0129663951547094
5.0529505190672177
5.0941988426603446
5.1353919716644345
5.1756649177898915
5.2164418515389261
5.2577220892972925
5.2988946506605412
5.3376510253519198
5.3795113427370387
5.4195449053311773
5.4603710665424554
5.5009751489688101
5.5416211568207743
5.5817144038543223
5.6225231534495599
5.6631743668654497
5.7036117113064799
5.7440492985049891
5.7842718702813514
5.8248873150817762
5.8650552435791701
5.9057202708761771
5.9464642758102517
5.986800767844314
6.0271620597553817
6.067425890646919
6.1077481483427913
6.1475446313663236
6.1883494140176749
6.2282489053614931
6.2691315817709121
6.3088478483178934
6.3491802653095721
6.3897214521684802
6.4297395747653505
6.4698178174362244
6.5098102522067061
6.5501230775115609
6.5906254457838127
6.6311058947945556
6.6707179215490902
6.7106947531996246
6.7505869912491576
6.7910639765287595
6.8303887845327829
6.8709146155171164
6.9108070758230546
6.9512879997931778
6.9914090519925232
7.0311678135734876
7.070371093456437
7.1112753181193238
7.1513700172183858
7.1912226933723407
7.231215473643454
7.2711061618358928
7.3107584950068478
7.3510504666274095
7.3912382178987714
7.4307296334202864
7.4710237320179296
7.5107678795421187
7.5502017925744198
7.5904511225516549
7.6310409859238186
7.6708411387334809
7.7103165425190454
7.7505226142251553
7.7901980648719595
7.8292137402433299
7.8697381371568289
7.9090283053143207
7.9490743593403845
7.9888414695910246
8.0289559752668396
8.068851154507966
8.1086959650449675
8.1486299023768201
8.187498636402994
8.2277838609234237
8.2670324886628972
8.3065696308768242
8.3469914040605335
8.3864899362171332
8.4258257842515931
8.4660211824788814
8.5053043113824689
8.5455558670550413
8.5850896000029451
8.6250751817721412
8.6648720626808835
8.7039531648356565
8.7433524402657508
8.783683459944811
8.8236335789984217
8.8625484398060674
8.9024115376906359
8.9423958688876368
8.9817695654676228
9.0217388598633175
9.0608963414876005
9.1005237667891876
9.1400847066423907
9.179754258243193
9.2196600721281161
9.2589788597431717
9.2984359591583452
9.3385785877785281
9.3775424787612334
9.4174468784449097
9.4573051221239055
9.4963526568287318
9.5368008788814596
9.5762945976773466
9.6150083718491715
9.6553198067004846
9.694158804705193
9.7334710851202217
9.7736961031273406
9.8128060377588486
9.8531055825978289
9.8919425549199538
9.931012792359974
9.9714317315833387
10.010313304146022
10.050005712882289
10.089743379572619
10.128841046557366
10.168625881623843
10.207227304588335
10.247760416752508
10.287001980517005
10.326211394979882
10.365895916222728
10.405385032149434
10.44437956674928
10.484403350046481
10.523843075639755
10.562812048073045
10.602857063398861
10.642495573351626
10.681499830097946
10.721590726179121
10.760899430353518
10.800026729112176
10.839731723528061
10.878643469653941
10.91830683419284
10.958145232954349
10.996845322205258
11.036064790792976
11.075586586757122
11.114973812491021
11.155512623271155
11.19406883372983
11.233592972238577
11.272767570852196
11.312732257645832
11.352414548825296
11.391431728830121
11.430992003049049
11.47001986251537
11.510038439895869
11.548982100912671
11.588835184912092
11.628183318978389
11.667624342999375
11.706368934538578
11.745860349048293
11.785314329674462
11.824766748402807
11.864198936563438
11.903468577801551
11.942554349845823
11.982143838889289
12.021480668783525
12.060600846924199
12.099946133111473
12.139813973424667
12.179301434168874
12.218335542894701
12.257911823269824
12.297416979253615
12.336735014249557
12.375947415330334
12.414925713492753
12.45473905373688
12.494242820459787
12.533318789389954
12.572365088755525
12.611838180249286
12.651866346986335
12.690536751479156
12.729633217150768
12.768789632066408
12.808285465170584
12.848101370171163
12.887310345411656
12.927159416958848
12.965891612102807
13.004718184473084
13.045107413912227
13.083662090288215
13.12327025932837
13.162582845117543
13.201924075000809
13.241438107865068
13.280426715208108
13.319534942076142
13.359548444558037
13.398426986732622
13.438021947998095
13.477651557913344
13.51624645339453
13.555572456069008
13.594860869851983
13.633812789094247
13.673583337021794
13.712783409073152
13.752839121008623
13.791612749269607
13.830350666088146
13.870188431805005
13.909754967730059
13.948848798717236
13.987732342648172
14.027318236994084
14.067280097452141
14.105379189688584
14.145885498011243
14.184316269819069
14.22376526686174
14.263173442795829
14.301910303399563
14.341636608141441
14.380918754398353
14.420733348152291
14.459426592675996
14.499221364615103
14.538335880696181
14.577083884726456
14.61667575819046
14.656780319104669
14.695350571112929
14.73462054236373
14.774074605264458
14.812888420275076
14.852512145627029
14.891931602637005
14.930731273212603
14.970960698269698
15.009554146276145
15.048976673302146
15.087832515634384
15.127169862256327
15.166710944676863
15.206075634001945
15.244802623907193
15.283838179323965
15.324068229893882
15.363061346262882
15.402295047674562
15.441348280365698
15.481031612967355
15.519606021917266
15.56003444544328
15.598324743073853
15.637597520883407
15.67665539606025
15.716027391962335
15.755516672319475
15.795776785655031
15.833479230592426
15.87386489646453
15.91269553195947
15.951799785208765
15.991331846625618
16.030296396907332
16.06971321231536
16.109374606256431
16.148740826314178
16.187715908708423
16.227242312111766
16.266240534184895
16.305956368340123
16.344229312487602
16.383427572799846
16.423205768432688
