-22.611388631553357
-10.632604023447159
-9.5424375290081134
-8.8892162432439896
-8.4151957183519883
-8.0395033849547879
-7.7263375880380618
-7.4556219885527044
-7.2159507135605629
-7.0013696945125323
-6.804522594593795
-6.6237217003774242
-6.4556717569852369
-6.2982787289643953
-6.1504977966580476
-6.0092638445396709
-5.8759755792417723
-5.7488540148058238
-5.6260705232116726
-5.5090736619411329
-5.3964937659960013
-5.2867738933020458
-5.1806710138314624
-5.0787046273955152
-4.9785721030452219
-4.8825169680654934
-4.7882282990593481
-4.6964949017642379
-4.6061587907424366
-4.5182297292213418
-4.431995475220849
-4.3481246486386329
-4.2655161923982146
-4.1843857469666128
-4.1047677745038005
-4.0264945838259711
-3.9498309292061551
-3.874155426233937
-3.7995448753653922
-3.7258957663770089
-3.6538094910531704
-3.5821984796089108
-3.5115625442279854
-3.4419041692509769
-3.373495686557944
-3.3059274535351948
-3.2388106490710395
-3.1718873018120171
-3.1067468444661026
-3.0411777771774986
-2.9776219834803714
-2.9137406782174722
-2.8501713452207067
-2.7879694978820706
-2.7264006198925963
-2.6648750485128714
-2.6047575668598917
-2.543947772260803
-2.4841125562431827
-2.4246885802732088
-2.3662407008341555
-2.3076752450283338
-2.2498677612411107
-2.1927132218729857
-2.1348508984469863
-2.0781939567977581
-2.0215525467100153
-1.9658344608073832
-1.9102930667725677
-1.8549413511503785
-1.7998008686838318
-1.7446871782577213
-1.6907272463277012
-1.6367798414589985
-1.5832685968800799
-1.5297178950897072
-1.4762776088655551
-1.4232280100664709
-1.371228191035176
-1.3189511763907431
-1.2660501522520009
-1.2143786005161523
-1.1628620335742179
-1.1112801717182623
-1.0604011176941419
-1.0095259591570369
-0.958952503057662
-0.90845354152112656
-0.85831077772399278
-0.80785228898963291
-0.75755612623844404
-0.70843818053577445
-0.65852436979820139
-0.60934840156434411
-0.5603153104858577
-0.51121359532971211
-0.46336337756900781
-0.41416276882591102
-0.36512499951570365
-0.31701983603005285
-0.26867018957519689
-0.22047093793219932
-0.17306477825036931
-0.1251397200748384
-0.078407320197303162
-0.03060654459649444
0.016935612102350329
0.063742105440655533
0.11093734763402358
0.15817990173035829
0.20448692697977774
0.25162225774920399
0.29724400565757986
0.34347032624217949
0.39011491241014468
0.43657198903195887
0.48198304023524219
0.5285624841491311
0.57411099150557876
0.61956834370300418
0.6657447481826374
0.71110714334021974
0.75679919936311701
0.8022080029806985
0.84737470569408269
0.89240492521013015
0.937608607980843
0.98258038733138164
1.0270642077748007
1.0718949282845345
1.1169321778138628
1.1611998003233899
1.2056135375417862
1.2496085446861076
1.2941659497962545
1.3386372180705943
1.3827674341689815
1.4270306411390983
1.4705815315787709
1.514870635439403
1.5590444723958445
1.6026946617675715
1.6465446758376925
1.6901139496856823
1.7338921129668787
1.7772785673890041
1.821128396913382
1.8643319873568522
1.9076121138192377
1.9510246960275219
1.9932977840983201
2.0373770428514244
2.0801171889821868
2.1234842599444739
2.1664179001442037
2.2092146747424186
2.2520513808701481
2.2947306151021989
2.3382358075845753
2.3801748661503712
2.4230345981114429
2.4647998483420168
2.5085608689825412
2.5510055038756376
2.5927321050206928
2.6356118797451309
2.6783069818927077
2.7202926777062095
2.7625898015652126
2.8048124453695875
2.8472818446407824
2.889640066452408
2.9312039423764817
2.9740906660838733
3.0163819224910173
3.0570508825866032
3.0993319797079848
3.1414062361854267
3.1833690046911136
3.2255249138529205
3.2672379686568793
3.3092594844396901
3.3505775542261889
3.3922893202002702
3.434112636438388
3.4757939483905522
3.5172219897888861
3.5591004403383564
3.6003793795087713
3.6421557488665055
3.683492843786067
3.7250494518348107
3.7664879309261332
3.8076910350247712
3.8488253746972627
3.8904297632439295
3.9317965964864818
3.9726582382923343
4.0140809023601385
4.0546174519006142
4.0964195718770711
4.1377618027301111
4.1780075751977916
4.2200415525942008
4.2603976968770745
4.3017821290096405
4.3427766126137888
4.3835870802918269
4.4246967473012866
4.4654384831600238
4.5065223677887207
4.5470589394056411
4.5880813357307257
4.6291870904356518
4.6698066944404202
4.7103559290852113
4.7514915652616025
4.7917156784458861
4.8330089245050551
4.873695982018015
4.9142725806522192
4.9547639096608851
4.9955357015589961
5.0367916922716658
5.0763376878735009
5.1172833959331845
5.1576547103349872
5.1988152840068773
5.2397981220967003
5.2797077270055119
5.3201422240341651
5.3604963285062031
5.4015717954590388
5.4411649264447277
5.4819506363118
5.5223331659517836
5.563033389118849
5.6032642971063424
5.6437434617874063
5.6834862197791853
5.7242260817431792
5.7648566335393223
5.8049323728662934
5.8455684817939959
5.8855755210867775
5.9258197355515208
5.9654816728853177
6.0068261176455335
6.0461216733838601
6.0868743754207042
6.1264509879124933
6.166604599951139
6.2071599725982614
6.24761581800007
6.2868314054554295
6.3271645652593556
6.3671345737309579
6.4078592750314263
6.4487039872499574
6.488375556505896
6.5275801711723824
6.5681454115157765
6.6085331141948513
6.6478819447344479
6.6878877031576049
6.7276489863134081
6.7679237077456031
6.8083195232599216
6.8481983315994555
6.8885122369492189
6.9286743304687679
6.9677782931354635
7.0081314442720606
7.0479891048449339
7.0881484081623274
7.1272222372558742
7.1674871785311653
7.2078078489780433
7.2475064246062528
7.2872704039160654
7.3272486538322781
7.3669496759513837
7.4078555545095757
7.4469423684318432
7.4871903538153299
7.5266612276014664
7.5669333535241714
7.606810622566063
7.6465761222060786
7.6861553918602628
7.7255423048896201
7.765274837130665
7.8048647468102388
7.8449862034488307
7.8846715198771031
7.9244590874371399
7.9638163230604357
8.0038500256981244
8.0433579949059428
8.0838095513382573
8.1235591406175853
8.1629655644392827
8.202603180112936
8.2424585816878633
8.281460662700372
8.3213150273369632
8.3612853340012965
8.4005147787972732
8.4405674851206918
8.4798092699579577
8.5200343452669198
8.5595340698620426
8.5990906673088912
8.6392704809237539
8.6781078354312857
8.718363642867633
8.7577456368583402
8.7977149313056078
8.8365494595635656
8.8761189341166116
8.91652635589897
8.9564831126352313
8.9958195581613332
9.0349637204412705
9.0745536576947146
9.1142107017840974
9.1535668574417368
9.1939285587691284
9.2331171644634171
9.2727788653327394
9.3119643434928783
9.3516040418182147
9.3914096053750935
9.4307801301924012
9.4700334538420723
9.5093981779125318
9.5489031129298834
9.5887293665731033
9.628369067487192
9.6680399398372909
9.7071795600677149
9.746888898323304
9.7865548172191463
9.8263576530900352
9.8656749461548099
9.9043719756355699
9.9443182504244536
9.9837075538513282
10.022976110298453
10.062637421123599
10.102422213070749
10.141804061740096
10.180898958418414
10.220458743614245
10.259424210350042
10.299328817949222
10.339524192702848
10.378280976190364
10.418035972631234
10.457822319442881
10.496542227792037
10.536050023147522
10.575302968794114
10.614993227239669
10.654471618905971
10.693553433261183
10.733205580205388
10.772711279866263
10.812055850898711
10.852045389416086
10.891235397717798
10.93065303431873
10.970082503220178
11.009135970904008
11.04916238878871
11.08790919571733
11.127114781475761
11.167031470030739
11.205987151494115
11.24565070618222
11.285391645731423
11.324561828324006
11.364021614588351
11.403480802505541
11.44289290515554
11.481689813174228
11.521432960898389
11.560801076722489
11.600146729608465
11.639476019577208
11.67882029743636
11.718356908421523
11.757803640668728
11.797432949589556
11.836023941720493
11.875731929861686
11.915787515752037
11.954161194047719
11.99407770841511
12.033652111044201
12.07227708617186
12.111728911881894
12.150939908165604
12.190553234252731
12.23003613617867
12.269131302009065
12.308607301680301
12.347793370389025
12.387538495247973
12.426657270862004
12.465828184272928
12.505277560948153
12.545104522900887
12.58377610289201
12.623875165836656
12.662560323433391
12.702001583837358
12.741460775911312
12.781456954791423
12.820404874444353
12.858580749938838
12.898740647051307
12.938064206925652
12.977341976114653
13.016320741376234
13.055521725374858
13.095366845373116
13.134126810853306
13.174134399000165
13.21328631676294
13.252755833553955
13.291887845606496
13.330646237263423
13.370311188027825
13.410322897728417
13.449039634039067
13.488211241637845
13.527510018750307
13.567100181496293
13.606434621063475
13.645065221226094
13.685017829956848
13.724336999359689
13.763464573024923
13.802245927506375
13.842158054568314
13.881738356721398
13.920513565235963
13.959801298915867
13.998839647578126
14.03880337481046
14.077494643362979
14.11722461456406
14.156149867596884
14.195456551145735
14.234199555043068
14.274185006113822
14.313999416277392
14.35270702868692
14.392252525132093
14.431358297684554
14.470100729458949
14.509711337512149
14.548817012417814
14.588644972363698
14.627779836760244
14.666883977198308
14.706423042084426
14.745667163889015
14.784674848630827
14.824274740436351
14.863155182084281
14.90277173900898
14.941735928266951
14.981911513768019
15.020630470575043
15.059301849405902
15.098584896610928
15.137915989035546
15.177398451278496
15.217100135751275
15.255393820089804
15.295087893722485
15.334592330690761
15.374008344154571
15.413304617040893
15.452765191058461
15.491911299568565
15.530701326351462
15.57041959646364
15.609881016459989
15.648628285490759
15.687883075863679
15.726894122864499
15.766574195548928
15.805610524335158
15.845021542505384
15.883891697131
15.923701594066571
15.963095122845198
