0.60206107706280998
0.6048625578702993
0.60766403867778873
0.61046551948527805
0.61326700029276737
0.6160684811002568
0.61886996190774612
0.62167144271523544
0.62447292352272488
0.6272744043302142
0.63007588513770352
0.63287736594519295
0.63567884675268227
0.63848032756017159
0.64128180836766102
0.64408328917515034
0.64688476998263977
0.64968625079012909
0.65248773159761841
0.65528921240510785
0.65809069321259717
0.66089217402008649
0.66369365482757592
0.66649513563506524
0.66929661644255456
0.67209809725004399
0.67489957805753331
0.67770105886502263
0.68050253967251206
0.68330402048000138
0.6861055012874907
0.68890698209498014
0.69170846290246946
0.69450994370995889
0.69731142451744821
0.70011290532493753
0.70291438613242696
0.70571586693991628
0.7085173477474056
0.71131882855489503
0.71412030936238435
0.71692179016987367
0.71972327097736311
0.72252475178485243
0.72532623259234175
0.72812771339983118
0.7309291942073205
0.73373067501480982
0.73653215582229925
0.73933363662978857
0.74213511743727789
0.74493659824476732
0.74773807905225664
0.75053955985974596
0.7533410406672354
0.75614252147472472
0.75894400228221404
0.76174548308970347
0.76454696389719279
0.76734844470468211
0.77014992551217154
0.77295140631966086
0.77575288712715018
0.77855436793463961
0.78135584874212893
0.78415732954961825
0.78695881035710769
0.78976029116459701
0.79256177197208644
0.79536325277957576
0.79816473358706508
0.80096621439455451
0.80376769520204383
0.80656917600953326
0.80937065681702258
0.8121721376245119
0.81497361843200133
0.81777509923949065
0.82057658004697998
0.82337806085446941
0.82617954166195873
0.82898102246944805
0.83178250327693748
0.8345839840844268
0.83738546489191612
0.84018694569940555
0.84298842650689487
0.84578990731438419
0.84859138812187362
0.85139286892936294
0.85419434973685227
0.8569958305443417
0.85979731135183102
0.86259879215932034
0.86540027296680977
0.86820175377429909
0.87100323458178841
0.87380471538927784
0.87660619619676716
0.87940767700425648
0.88220915781174591
0.88501063861923523
0.88781211942672456
0.89061360023421399
0.89341508104170331
0.89621656184919263
0.89901804265668206
0.90181952346417138
0.9046210042716607
0.90742248507915013
0.91022396588663945
0.91302544669412877
0.9158269275016182
0.91862840830910764
0.92142988911659685
0.92423136992408628
0.92703285073157571
0.92983433153906492
0.93263581234655435
0.93543729315404378
0.93823877396153299
0.94104025476902242
0.94384173557651185
0.94664321638400117
0.94944469719149049
0.95224617799897993
0.95504765880646925
0.95784913961395857
0.960650620421448
0.96345210122893732
0.96625358203642664
0.96905506284391607
0.97185654365140539
0.97465802445889471
0.97745950526638414
0.98026098607387346
0.98306246688136278
0.98586394768885222
0.98866542849634154
0.99146690930383086
0.99426839011132029
0.99706987091880961
0.99987135172629893
1.0026728325337884
1.0054743133412778
1.008275794148767
1.0110772749562564
1.0138787557637459
1.0166802365712351
1.0194817173787245
1.0222831981862139
1.0250846789937031
1.0278861598011926
1.030687640608682
1.0334891214161712
1.0362906022236607
1.0390920830311501
1.0418935638386393
1.0446950446461287
1.0474965254536182
1.0502980062611074
1.0530994870685968
1.0559009678760862
1.0587024486835754
1.0615039294910649
1.0643054102985543
1.0671068911060435
1.0699083719135329
1.0727098527210224
1.0755113335285116
1.078312814336001
1.0811142951434904
1.0839157759509797
1.0867172567584691
1.0895187375659585
1.0923202183734477
1.0951216991809372
1.0979231799884266
1.1007246607959158
1.1035261416034052
1.1063276224108947
1.1091291032183839
1.1119305840258733
1.1147320648333627
1.1175335456408519
1.1203350264483414
1.1231365072558308
1.12593798806332
1.1287394688708094
1.1315409496782989
1.1343424304857881
1.1371439112932775
1.139945392100767
1.1427468729082562
1.1455483537157456
1.148349834523235
1.1511513153307242
1.1539527961382137
1.1567542769457031
1.1595557577531923
1.162357238560682
1.1651587193681712
1.1679602001756604
1.17076168098315
1.1735631617906392
1.1763646425981285
1.1791661234056181
1.1819676042131073
1.1847690850205965
1.1875705658280862
1.1903720466355754
1.1931735274430646
1.1959750082505543
1.1987764890580435
1.2015779698655327
1.2043794506730223
1.2071809314805115
1.2099824122880007
1.2127838930954904
1.2155853739029796
1.2183868547104688
1.2211883355179585
1.2239898163254477
1.2267912971329371
1.2295927779404265
1.2323942587479157
1.2351957395554052
1.2379972203628946
1.2407987011703838
1.2436001819778733
1.2464016627853627
1.2492031435928519
1.2520046244003413
1.2548061052078308
1.25760758601532
1.2604090668228094
1.2632105476302988
1.266012028437788
1.2688135092452775
1.2716149900527669
1.2744164708602561
1.2772179516677455
1.280019432475235
1.2828209132827242
1.2856223940902136
1.288423874897703
1.2912253557051923
1.2940268365126817
1.2968283173201711
1.2996297981276603
1.3024312789351498
1.3052327597426392
1.3080342405501284
1.3108357213576178
1.3136372021651073
1.3164386829725965
1.3192401637800859
1.3220416445875753
1.3248431253950645
1.327644606202554
1.3304460870100434
1.3332475678175326
1.3360490486250221
1.3388505294325115
1.3416520102400007
1.3444534910474901
1.3472549718549796
1.3500564526624688
1.3528579334699582
1.3556594142774476
1.3584608950849368
1.3612623758924263
1.3640638566999157
1.3668653375074049
1.3696668183148943
1.3724682991223838
1.375269779929873
1.3780712607373624
1.3808727415448518
1.3836742223523411
1.3864757031598305
1.3892771839673199
1.3920786647748091
1.3948801455822986
1.397681626389788
1.4004831071972772
1.4032845880047666
1.4060860688122561
1.4088875496197453
1.4116890304272347
1.4144905112347241
1.4172919920422133
1.420093472849703
1.4228949536571922
1.4256964344646814
1.4284979152721711
1.4312993960796603
1.4341008768871495
1.4369023576946391
1.4397038385021284
1.4425053193096176
1.4453068001171072
1.4481082809245964
1.4509097617320856
1.4537112425395753
1.4565127233470645
1.4593142041545537
1.4621156849620434
1.4649171657695326
1.4677186465770218
1.4705201273845114
1.4733216081920006
1.4761230889994899
1.4789245698069795
1.4817260506144687
1.4845275314219581
1.4873290122294476
1.4901304930369368
1.4929319738444262
1.4957334546519157
1.4985349354594049
1.5013364162668943
1.5041378970743837
1.5069393778818729
1.5097408586893624
1.5125423394968518
1.515343820304341
1.5181453011118304
1.5209467819193199
1.5237482627268091
1.5265497435342985
1.5293512243417879
1.5321527051492771
1.5349541859567666
1.537755666764256
1.5405571475717452
1.5433586283792347
1.5461601091867241
1.5489615899942133
1.5517630708017027
1.5545645516091922
1.5573660324166814
1.5601675132241708
1.5629689940316602
1.5657704748391494
1.5685719556466389
1.5713734364541283
1.5741749172616175
1.5769763980691069
1.5797778788765964
1.5825793596840856
1.585380840491575
1.5881823212990644
1.5909838021065537
1.5937852829140431
1.5965867637215325
1.5993882445290217
1.6021897253365114
1.6049912061440006
1.6077926869514898
1.6105941677589795
1.6133956485664687
1.6161971293739579
1.6189986101814475
1.6218000909889367
1.6246015717964259
1.6274030526039156
1.6302045334114048
1.633006014218894
1.6358074950263837
1.6386089758338729
1.6414104566413621
1.6442119374488517
1.647013418256341
1.6498148990638302
1.6526163798713198
1.655417860678809
1.6582193414862982
1.6610208222937879
1.6638223031012771
1.6666237839087663
1.669425264716256
1.6722267455237452
1.6750282263312344
1.677829707138724
1.6806311879462132
1.6834326687537025
1.6862341495611921
1.6890356303686813
1.6918371111761705
1.6946385919836602
1.6974400727911494
1.7002415535986386
1.7030430344061283
1.7058445152136175
1.7086459960211067
1.7114474768285963
1.7142489576360855
1.7170504384435747
1.7198519192510644
1.7226534000585536
1.7254548808660428
1.7282563616735325
1.7310578424810217
1.7338593232885109
1.7366608040960005
1.7394622849034898
1.742263765710979
1.7450652465184686
1.7478667273259578
1.750668208133447
1.7534696889409367
1.7562711697484259
1.7590726505559151
1.7618741313634048
1.764675612170894
1.7674770929783832
1.7702785737858728
1.773080054593362
1.7758815354008513
1.7786830162083409
1.7814844970158301
1.7842859778233193
1.787087458630809
1.7898889394382982
1.7926904202457874
1.7954919010532771
1.7982933818607663
1.8010948626682555
1.8038963434757451
1.8066978242832343
1.8094993050907235
1.8123007858982132
1.8151022667057024
1.8179037475131916
1.8207052283206813
1.8235067091281705
1.8263081899356597
1.8291096707431493
1.8319111515506386
1.8347126323581278
1.8375141131656174
1.8403155939731066
1.8431170747805963
1.8459185555880855
1.8487200363955747
1.8515215172030643
1.8543229980105536
1.8571244788180428
1.8599259596255324
1.8627274404330216
1.8655289212405108
1.8683304020480005
1.8711318828554897
1.8739333636629789
1.8767348444704686
1.8795363252779578
1.882337806085447
1.8851392868929366
1.8879407677004258
1.8907422485079151
1.8935437293154047
1.8963452101228939
1.8991466909303831
1.9019481717378728
1.904749652545362
1.9075511333528512
1.9103526141603409
1.9131540949678301
1.9159555757753193
1.9187570565828089
1.9215585373902981
1.9243600181977873
1.927161499005277
1.9299629798127662
1.9327644606202554
1.9355659414277451
1.9383674222352343
1.9411689030427235
1.9439703838502131
1.9467718646577024
1.9495733454651916
1.9523748262726812
1.9551763070801704
1.9579777878876596
1.9607792686951493
1.9635807495026385
1.9663822303101277
1.9691837111176174
1.9719851919251066
1.9747866727325958
1.9775881535400854
1.9803896343475746
1.9831911151550639
1.9859925959625535
1.9887940767700427
1.9915955575775319
1.9943970383850216
1.9971985191925108
2
