-22.11523191704046
-10.137204360704613
-9.047609584625242
-8.394417929606275
-7.920872329282688
-7.544832230770647
-7.231452605416672
-6.961808437999855
-6.722065369939154
-6.507758252970375
-6.311584014185266
-6.130496463927229
-5.962781588829567
-5.805644349368073
-5.65750541218734
-5.517049942323164
-5.383682944781375
-5.256899865169347
-5.134707563658331
-5.018082176431628
-4.904641092629691
-4.795383322151187
-4.689912916379204
-4.588014932536261
-4.489058522363544
-4.391906951888231
-4.29761088628192
-4.206258670366968
-4.116488993280968
-4.028160899513216
-3.9434604326595206
-3.859162097086034
-3.776920546803163
-3.6958414941278503
-3.6166645995033497
-3.5387412555903124
-3.462060476723484
-3.3863855487366568
-3.3117168820877656
-3.238530564768624
-3.1667483185293834
-3.096275857678843
-3.0245934175601152
-2.9555374792567832
-2.887419582864301
-2.819733780644392
-2.752597731441559
-2.6865912489171553
-2.6206742524504048
-2.556505653903028
-2.4921559102537976
-2.428734370175336
-2.365551783254935
-2.3035876235596735
-2.2417418399617195
-2.181060239801085
-2.120698275271693
-2.0603801450756154
-2.0009236381580324
-1.9412000208476496
-1.8828562140816882
-1.824490567376435
-1.767967031531039
-1.7101117771771888
-1.6521434229453718
-1.5963822362060534
-1.5398449836375825
-1.4839024571343307
-1.4280260962329467
-1.3733723072745223
-1.3181074581111272
-1.2638431921399673
-1.2099539649806867
-1.1560327476889698
-1.1017964210562863
-1.0476524141759047
-0.9967959671934913
-0.9433956205650985
-0.8907665615710059
-0.8377170371208053
-0.7862509030449751
-0.73583128442985
-0.6834173823006706
-0.6321132775167941
-0.5815626651393084
-0.5300797929066131
-0.48004230721188734
-0.4300212739620149
-0.37996021038426453
-0.32957862757161177
-0.27976297828564584
-0.23049229337370258
-0.18098869001939205
-0.13146976393550353
-0.08289032961688504
-0.03394677637618454
0.013744847443554696
0.06287769402995524
0.11130097867864398
0.15976158140937358
0.2071239276837501
0.2545525430619502
0.30251464450627863
0.34992528557129643
0.3979032229892193
0.44554157387162957
0.4923391807592985
0.5393561501712478
0.5869202196948701
0.6332579220223086
0.6797822636865577
0.7259763173366737
0.7724280438972921
0.8186902778753632
0.8652276090698852
0.9114855149133643
0.956688405537237
1.002241624522372
1.0480567379986476
1.0939656568340528
1.1390197786846026
1.1852153873933864
1.2304049528178385
1.2761901692033255
1.320267300636234
1.3652845025557603
1.4109301267825705
1.4552784635303635
1.4997077760445747
1.5442748308084462
1.5892075855604773
1.633495929139291
1.6776363531080005
1.7221317838725752
1.7662494114264455
1.8097105902625452
1.8546988946119114
1.8989306588032515
1.9425030680508433
1.9866011510611195
2.0299642292061075
2.073603154888061
2.1173357399660664
2.1607005656420197
2.2049776326345474
2.2488350050495765
2.2917390722088444
2.334064135897967
2.3782181571356302
2.421404041982275
2.4637891561358316
2.507404303924951
2.550580538525257
2.5928145373307485
2.636869328880741
2.6789648673713584
2.7220805553925396
2.764304998658252
2.807229869284346
2.8497589031643913
2.892422465410929
2.9350734747524942
2.9772615079915985
3.0201204645152107
3.062136828569425
3.1053465121510144
3.146685575343584
3.189199212871677
3.230717720709751
3.2731494962879344
3.31529749800614
3.3579015210469283
3.3991720504813077
3.441893541768013
3.484376560738122
3.5262324982598274
3.5671369347574973
3.610348270362467
3.6514399873913717
3.6921417487662747
3.7351393632543544
3.7760989145636694
3.8174072401406405
3.8594080335601153
3.901129078618721
3.942990300611854
3.9843604662316916
4.025360329131765
4.0663930404093005
4.108635443118319
4.149571555824421
4.191617170729469
4.233126898881052
4.274406760594998
4.3154443671588885
4.356359048429764
4.398057927615922
4.4394210054240935
4.479392424516695
4.5219840886438405
4.5623066173363265
4.603359582564213
4.643634105589995
4.685840774912274
4.7271505778645855
4.767209629897444
4.808192239994555
4.849798734680868
4.89066299256043
4.9310227799452395
4.971185214478447
5.0119916959994715
5.05355596510598
5.095189192721223
5.135100519454889
5.1753318964383075
5.216671476771304
5.257461906494779
5.297536248383119
5.3386699588887865
5.378203969280791
5.419953807309153
5.459694111635896
5.500483828377084
5.541375891098334
5.582757334282457
5.621761894276969
5.662621190655252
5.703304861947194
5.7447619854779735
5.784765773507368
5.8249404014853505
5.866031349534071
5.905730342717683
5.946272723598888
5.985657510890678
6.027031709906907
6.067250539428664
6.1075976213860725
6.1476973391177365
6.1884784070536245
6.228490738196273
6.268384749403203
6.30891682566298
6.348997736688499
6.390060602040151
6.429696175244947
6.469719644852211
6.5097389137613515
6.5502756080523605
6.5897603362400625
6.630525389087199
6.670302258283583
6.710900167961492
6.751520306648648
6.790899246920402
6.830468159639794
6.870667417834209
6.911609133347514
6.9508687160727725
6.991393150789675
7.031589511430581
7.071072607490472
7.1115618212259815
7.150872937233379
7.191780186895996
7.231354396830113
7.271567787869081
7.311487232445487
7.351418028515449
7.390684834926916
7.430606524485574
7.470023234430472
7.510839317586457
7.550783075694863
7.590142987172604
7.6305199501417365
7.670415868533249
7.710892652940343
7.749434938835596
7.790166382164142
7.829702136513966
7.869129081493775
7.9099530731997785
7.948757115215877
7.988714545447845
8.029368533184314
8.06797237902245
8.108369896435773
8.148092982142094
8.187924419177994
8.228095666281025
8.266889027917557
8.307506067483923
8.346590199692464
8.386342384016833
8.426881623643656
8.465683944241134
8.506657272356685
8.546070770897503
8.585766696631268
8.624884838726004
8.664351109634069
8.704277612880336
8.744259739816979
8.783303461520992
8.82387250575693
8.86278187340083
8.902865625497693
8.942174638435024
8.982059850296602
9.02101342558067
9.060989652478366
9.101041183746608
9.140328053590382
9.179419126118793
9.21908623317976
9.258674597208019
9.29939626293374
9.338071101879729
9.377662657489088
9.417623776096134
9.456049871100525
9.496583758424766
9.536428204993658
9.575601720067423
9.614989720129262
9.654367307273933
9.694033401553407
9.734686452818492
9.774126505654763
9.812348316830118
9.851986441362962
9.892393416796775
9.931936913350588
9.971208012675184
10.010233280114893
10.050197790896688
10.090042652798585
10.129140718286884
10.168389619222818
10.207572528947363
10.247667430483434
10.28663338450035
10.325795014764374
10.366307702308855
10.404946388786017
10.44561330731499
10.484492675704729
10.52322750514998
10.563955806278848
10.60273134682149
10.64121546068083
10.681964962322922
10.720729793974423
10.760682879851254
10.799714847791291
10.839602929318456
10.878660965242604
10.918256260002229
10.957641546044947
10.996609493726291
11.036073184257495
11.076130977224713
11.114997414223398
11.154846455102957
11.194700762429544
11.233538934697178
11.273311510891721
11.311918163692532
11.352763753988288
11.391047077187896
11.431651259119546
11.470684629268668
11.510398176141758
11.548990145620873
11.588332470597656
11.627538140238393
11.667123531625995
11.70738389031332
11.746418253213283
11.784802767715753
11.824666412668122
11.864544900495213
11.903828042079452
11.942974464153659
11.982005392410834
12.021747571046026
12.060530750686336
12.100517768195907
12.13950286500866
12.179146622922703
12.218112524142924
12.257503862011358
12.297990170672053
12.33606366326211
12.375878209337332
12.415673432788278
12.455014292760401
12.49371114241786
12.533380247842276
12.572320687387213
12.611708371164877
12.65026063047214
12.691332355274078
12.730083709372945
12.769288883213394
12.80758413871383
12.847708662243729
12.88661246385226
12.92627015664197
12.965981992271304
13.00587965351462
13.04386079753698
13.084427954296991
13.123273884327274
13.162681473196953
13.20196460274867
13.241007042878316
13.28026996698678
13.320049068763632
13.358880310255516
13.398747267672448
13.439071178182859
13.476820289008204
13.517173571907081
13.555518774010578
13.594207203066896
13.634761788914107
13.673285839182975
13.7127427067696
13.75248615158504
13.79198263091675
13.83079367421475
13.870350296415765
13.90988328490229
13.949197841767843
13.988151512328185
14.027437041952851
14.066669232546436
14.106403593943805
14.145279898128633
14.18386944876649
14.223695709485117
14.262688751762019
14.302718634662408
14.34155174186815
14.381219088059296
14.420278861643336
14.459806584674038
14.498563959147935
14.539265413077457
14.577538582260885
14.616701880609071
14.656090995763853
14.695319712427592
14.734691980867686
14.773643794626011
14.813571611104683
14.85221840563396
14.892932136505403
14.930957310435288
14.97032749739645
15.008862678116554
15.047931927158462
15.088649993185825
15.127090781413873
15.166736930106447
15.206144482962898
15.244659607676283
15.284434250816876
15.323397051858452
15.3618339351186
15.40217337989497
15.442006000173938
15.481031914960989
15.519264333748842
15.559863661633331
15.598972898116143
15.637304427473351
15.676489638708878
15.716032679455155
15.755926709354512
15.794771530372103
15.83401387766795
15.872713157404919
15.91304973419165
15.95153729851192
15.990728786826837
16.030164549868214
16.06976843220022
16.109472060440552
16.148978923458003
16.187568012896026
16.226479621062435
16.26649543109911
16.305441695756063
16.34367984504559
16.38385766063182
16.422150871950638
