0.60206107706281
0.6048625578702993
0.6076640386777887
0.610465519485278
0.6132670002927674
0.6160684811002568
0.6188699619077461
0.6216714427152354
0.6244729235227249
0.6272744043302142
0.6300758851377035
0.632877365945193
0.6356788467526823
0.6384803275601716
0.641281808367661
0.6440832891751503
0.6468847699826398
0.6496862507901291
0.6524877315976184
0.6552892124051078
0.6580906932125972
0.6608921740200865
0.6636936548275759
0.6664951356350652
0.6692966164425546
0.672098097250044
0.6748995780575333
0.6777010588650226
0.6805025396725121
0.6833040204800014
0.6861055012874907
0.6889069820949801
0.6917084629024695
0.6945099437099589
0.6973114245174482
0.7001129053249375
0.702914386132427
0.7057158669399163
0.7085173477474056
0.711318828554895
0.7141203093623844
0.7169217901698737
0.7197232709773631
0.7225247517848524
0.7253262325923417
0.7281277133998312
0.7309291942073205
0.7337306750148098
0.7365321558222993
0.7393336366297886
0.7421351174372779
0.7449365982447673
0.7477380790522566
0.750539559859746
0.7533410406672354
0.7561425214747247
0.758944002282214
0.7617454830897035
0.7645469638971928
0.7673484447046821
0.7701499255121715
0.7729514063196609
0.7757528871271502
0.7785543679346396
0.7813558487421289
0.7841573295496183
0.7869588103571077
0.789760291164597
0.7925617719720864
0.7953632527795758
0.7981647335870651
0.8009662143945545
0.8037676952020438
0.8065691760095333
0.8093706568170226
0.8121721376245119
0.8149736184320013
0.8177750992394907
0.82057658004698
0.8233780608544694
0.8261795416619587
0.828981022469448
0.8317825032769375
0.8345839840844268
0.8373854648919161
0.8401869456994056
0.8429884265068949
0.8457899073143842
0.8485913881218736
0.851392868929363
0.8541943497368523
0.8569958305443417
0.859797311351831
0.8625987921593203
0.8654002729668098
0.8682017537742991
0.8710032345817884
0.8738047153892778
0.8766061961967672
0.8794076770042565
0.8822091578117459
0.8850106386192352
0.8878121194267246
0.890613600234214
0.8934150810417033
0.8962165618491926
0.8990180426566821
0.9018195234641714
0.9046210042716607
0.9074224850791501
0.9102239658866395
0.9130254466941288
0.9158269275016182
0.9186284083091076
0.9214298891165968
0.9242313699240863
0.9270328507315757
0.9298343315390649
0.9326358123465543
0.9354372931540438
0.938238773961533
0.9410402547690224
0.9438417355765119
0.9466432163840012
0.9494446971914905
0.9522461779989799
0.9550476588064692
0.9578491396139586
0.960650620421448
0.9634521012289373
0.9662535820364266
0.9690550628439161
0.9718565436514054
0.9746580244588947
0.9774595052663841
0.9802609860738735
0.9830624668813628
0.9858639476888522
0.9886654284963415
0.9914669093038309
0.9942683901113203
0.9970698709188096
0.9998713517262989
1.0026728325337884
1.0054743133412778
1.008275794148767
1.0110772749562564
1.0138787557637459
1.016680236571235
1.0194817173787245
1.022283198186214
1.0250846789937031
1.0278861598011926
1.030687640608682
1.0334891214161712
1.0362906022236607
1.03909208303115
1.0418935638386393
1.0446950446461287
1.0474965254536182
1.0502980062611074
1.0530994870685968
1.0559009678760862
1.0587024486835754
1.0615039294910649
1.0643054102985543
1.0671068911060435
1.069908371913533
1.0727098527210224
1.0755113335285116
1.078312814336001
1.0811142951434904
1.0839157759509797
1.086717256758469
1.0895187375659585
1.0923202183734477
1.0951216991809372
1.0979231799884266
1.1007246607959158
1.1035261416034052
1.1063276224108947
1.1091291032183839
1.1119305840258733
1.1147320648333627
1.117533545640852
1.1203350264483414
1.1231365072558308
1.12593798806332
1.1287394688708094
1.1315409496782989
1.134342430485788
1.1371439112932775
1.139945392100767
1.1427468729082562
1.1455483537157456
1.148349834523235
1.1511513153307242
1.1539527961382137
1.156754276945703
1.1595557577531923
1.162357238560682
1.1651587193681712
1.1679602001756604
1.17076168098315
1.1735631617906392
1.1763646425981285
1.179166123405618
1.1819676042131073
1.1847690850205965
1.1875705658280862
1.1903720466355754
1.1931735274430646
1.1959750082505543
1.1987764890580435
1.2015779698655327
1.2043794506730223
1.2071809314805115
1.2099824122880007
1.2127838930954904
1.2155853739029796
1.2183868547104688
1.2211883355179585
1.2239898163254477
1.226791297132937
1.2295927779404265
1.2323942587479157
1.2351957395554052
1.2379972203628946
1.2407987011703838
1.2436001819778733
1.2464016627853627
1.249203143592852
1.2520046244003413
1.2548061052078308
1.25760758601532
1.2604090668228094
1.2632105476302988
1.266012028437788
1.2688135092452775
1.271614990052767
1.2744164708602561
1.2772179516677455
1.280019432475235
1.2828209132827242
1.2856223940902136
1.288423874897703
1.2912253557051923
1.2940268365126817
1.2968283173201711
1.2996297981276603
1.3024312789351498
1.3052327597426392
1.3080342405501284
1.3108357213576178
1.3136372021651073
1.3164386829725965
1.319240163780086
1.3220416445875753
1.3248431253950645
1.327644606202554
1.3304460870100434
1.3332475678175326
1.336049048625022
1.3388505294325115
1.3416520102400007
1.3444534910474901
1.3472549718549796
1.3500564526624688
1.3528579334699582
1.3556594142774476
1.3584608950849368
1.3612623758924263
1.3640638566999157
1.366865337507405
1.3696668183148943
1.3724682991223838
1.375269779929873
1.3780712607373624
1.3808727415448518
1.383674222352341
1.3864757031598305
1.38927718396732
1.3920786647748091
1.3948801455822986
1.397681626389788
1.4004831071972772
1.4032845880047666
1.406086068812256
1.4088875496197453
1.4116890304272347
1.4144905112347241
1.4172919920422133
1.420093472849703
1.4228949536571922
1.4256964344646814
1.428497915272171
1.4312993960796603
1.4341008768871495
1.4369023576946391
1.4397038385021284
1.4425053193096176
1.4453068001171072
1.4481082809245964
1.4509097617320856
1.4537112425395753
1.4565127233470645
1.4593142041545537
1.4621156849620434
1.4649171657695326
1.4677186465770218
1.4705201273845114
1.4733216081920006
1.4761230889994899
1.4789245698069795
1.4817260506144687
1.4845275314219581
1.4873290122294476
1.4901304930369368
1.4929319738444262
1.4957334546519157
1.4985349354594049
1.5013364162668943
1.5041378970743837
1.506939377881873
1.5097408586893624
1.5125423394968518
1.515343820304341
1.5181453011118304
1.5209467819193199
1.523748262726809
1.5265497435342985
1.529351224341788
1.5321527051492771
1.5349541859567666
1.537755666764256
1.5405571475717452
1.5433586283792347
1.546160109186724
1.5489615899942133
1.5517630708017027
1.5545645516091922
1.5573660324166814
1.5601675132241708
1.5629689940316602
1.5657704748391494
1.5685719556466389
1.5713734364541283
1.5741749172616175
1.576976398069107
1.5797778788765964
1.5825793596840856
1.585380840491575
1.5881823212990644
1.5909838021065537
1.593785282914043
1.5965867637215325
1.5993882445290217
1.6021897253365114
1.6049912061440006
1.6077926869514898
1.6105941677589795
1.6133956485664687
1.6161971293739579
1.6189986101814475
1.6218000909889367
1.624601571796426
1.6274030526039156
1.6302045334114048
1.633006014218894
1.6358074950263837
1.6386089758338729
1.641410456641362
1.6442119374488517
1.647013418256341
1.6498148990638302
1.6526163798713198
1.655417860678809
1.6582193414862982
1.661020822293788
1.663822303101277
1.6666237839087663
1.669425264716256
1.6722267455237452
1.6750282263312344
1.677829707138724
1.6806311879462132
1.6834326687537025
1.686234149561192
1.6890356303686813
1.6918371111761705
1.6946385919836602
1.6974400727911494
1.7002415535986386
1.7030430344061283
1.7058445152136175
1.7086459960211067
1.7114474768285963
1.7142489576360855
1.7170504384435747
1.7198519192510644
1.7226534000585536
1.7254548808660428
1.7282563616735325
1.7310578424810217
1.733859323288511
1.7366608040960005
1.7394622849034898
1.742263765710979
1.7450652465184686
1.7478667273259578
1.750668208133447
1.7534696889409367
1.756271169748426
1.759072650555915
1.7618741313634048
1.764675612170894
1.7674770929783832
1.7702785737858728
1.773080054593362
1.7758815354008513
1.778683016208341
1.7814844970158301
1.7842859778233193
1.787087458630809
1.7898889394382982
1.7926904202457874
1.795491901053277
1.7982933818607663
1.8010948626682555
1.8038963434757451
1.8066978242832343
1.8094993050907235
1.8123007858982132
1.8151022667057024
1.8179037475131916
1.8207052283206813
1.8235067091281705
1.8263081899356597
1.8291096707431493
1.8319111515506386
1.8347126323581278
1.8375141131656174
1.8403155939731066
1.8431170747805963
1.8459185555880855
1.8487200363955747
1.8515215172030643
1.8543229980105536
1.8571244788180428
1.8599259596255324
1.8627274404330216
1.8655289212405108
1.8683304020480005
1.8711318828554897
1.873933363662979
1.8767348444704686
1.8795363252779578
1.882337806085447
1.8851392868929366
1.8879407677004258
1.890742248507915
1.8935437293154047
1.896345210122894
1.8991466909303831
1.9019481717378728
1.904749652545362
1.9075511333528512
1.9103526141603409
1.91315409496783
1.9159555757753193
1.918757056582809
1.9215585373902981
1.9243600181977873
1.927161499005277
1.9299629798127662
1.9327644606202554
1.935565941427745
1.9383674222352343
1.9411689030427235
1.9439703838502131
1.9467718646577024
1.9495733454651916
1.9523748262726812
1.9551763070801704
1.9579777878876596
1.9607792686951493
1.9635807495026385
1.9663822303101277
1.9691837111176174
1.9719851919251066
1.9747866727325958
1.9775881535400854
1.9803896343475746
1.9831911151550639
1.9859925959625535
1.9887940767700427
1.991595557577532
1.9943970383850216
1.9971985191925108
2
