-21.62048032441602
-9.642088026056166
-8.552039130677773
-7.899265274022302
-7.425983820033717
-7.050578624599673
-6.737662784138055
-6.467710204255308
-6.228260679652644
-6.0138799424945635
-5.817789482597648
-5.637398570437127
-5.469267727665197
-5.312920878168691
-5.164835145943521
-5.02472936816696
-4.892032599145659
-4.764771108111824
-4.643389043028991
-4.526955587682911
-4.413343760693025
-4.304296760006028
-4.199831413948162
-4.097319383816871
-3.998259491878801
-3.9022450266803137
-3.80766329166344
-3.7160104858580763
-3.626385236193463
-3.5391356231417976
-3.453866039151017
-3.3700390638076816
-3.2882873380422226
-3.20795784761661
-3.128949032665046
-3.0505084578129122
-2.973844911662374
-2.8982755137834593
-2.8248187636985334
-2.7513320580545195
-2.679348346818845
-2.6085563200648014
-2.537760417986254
-2.468580384918368
-2.3996627387897087
-2.3335967415449757
-2.2667500976554558
-2.2011308434802523
-2.1351670264465867
-2.0707802897096768
-2.007235489363634
-1.9433171776018936
-1.8814187302056757
-1.819255516668595
-1.7577430979516977
-1.6968077147086444
-1.6364353246430485
-1.5764545977112296
-1.5167939107535218
-1.4574277280654986
-1.3996563916784222
-1.3411639190727225
-1.2841449226033896
-1.2263398840817006
-1.1695966290225541
-1.1136011886615391
-1.0578343713108385
-1.0014915617243279
-0.9465561124122682
-0.8909373254690319
-0.8369532436632581
-0.7830295295102565
-0.7280637043407889
-0.6741004918538201
-0.6205629880795537
-0.5687179933981281
-0.5149047475584654
-0.46264214939219783
-0.41104563996372895
-0.35841100313438595
-0.30719884849998474
-0.2550159451528851
-0.20458567999138982
-0.1528714668580492
-0.10241424627529103
-0.051041421555206495
-0.0009569674855901253
0.04935569385383247
0.09916491243643974
0.14841154446515928
0.19869983775545721
0.24741181216845534
0.2964046633830046
0.34608138098489394
0.39391179211991
0.4432795311521191
0.491407966455069
0.5398233797417915
0.5886845299488178
0.6361937708753261
0.683997619576332
0.7321241065450634
0.7791852908223827
0.8267022441359728
0.8741191334456807
0.9219301353877728
0.9688500531612075
1.0149301887901798
1.0618941439818579
1.1091301585709263
1.1553108557318086
1.200747495140771
1.2475387676875211
1.2935323716373572
1.3393528206837608
1.3854100455542269
1.431226914204186
1.4775248023691878
1.522994870755995
1.5683572912514623
1.613178256226955
1.6586727404727175
1.7034921876867124
1.7486565544897241
1.7941517731329952
1.8395094917755324
1.8834600121193987
1.9279981304669074
1.9727695087089017
2.017306536608479
2.061186845650853
2.106102898646622
2.150003325455578
2.19510249681117
2.239381981691266
2.283072182417597
2.3273341024147918
2.370951573615355
2.414394270852233
2.458055154756361
2.502104424061532
2.5454424803589975
2.5889576141617403
2.632824582958437
2.6765775800458647
2.7191145392949396
2.76207937922925
2.8056476291386683
2.848602205161287
2.8920105719020683
2.93533764484701
2.9777539803002235
3.021387151051033
3.0633508777025362
3.1069045729886473
3.149031993165111
3.1918504575445676
3.233814854108152
3.276374317045228
3.3195377474498096
3.362049281360088
3.4049298653343034
3.44671195689285
3.489511302577899
3.5324490018807806
3.574246397884077
3.616832662844066
3.658223611500478
3.7001946012680134
3.7426095892799927
3.784912981227844
3.826140550360657
3.8683265655423913
3.911307083170635
3.9520512777383545
3.9946313374098987
4.036119163911972
4.077858402841978
4.119455678772645
4.160879620166681
4.2017023776626905
4.244482658909838
4.285116321083119
4.327554142588002
4.368651815393892
4.410887882807533
4.451926938912543
4.493738328217558
4.5345604637750325
4.576968448770469
4.617587599898331
4.657628673503048
4.700572073007235
4.740429441612979
4.78256192568479
4.8236834803952355
4.863929067897054
4.905778322522763
4.945976358247015
4.9875325651914455
5.028792341540218
5.071017332112296
5.111383380572093
5.151660962995377
5.19334847657478
5.234493257421748
5.274713008633415
5.314683890291571
5.355793620941809
5.397372508509646
5.4377559134972735
5.478369243908068
5.51908971934431
5.56073357404905
5.601563598560205
5.640547032524268
5.682596621520409
5.72258793695313
5.763118252976837
5.804201822555427
5.844956199752002
5.88557676475951
5.925623966206119
5.9663888242689405
6.0069855990884395
6.046738954331642
6.08823120134556
6.128784248618517
6.16847992050867
6.20916880317963
6.249418198138527
6.291074585683345
6.330421722175901
6.370521148669457
6.411444638186267
6.452158547867922
6.491810804991467
6.532045085975238
6.572903029696468
6.612738829487034
6.652422597701622
6.692702717310428
6.733085919030378
6.774043883350506
6.81351423243528
6.853706710145175
6.894249412497948
6.934954708522221
6.974526277953972
7.0149501147792845
7.053917884430934
7.09433551695909
7.135028400047558
7.174124911415647
7.214540504573617
7.255629554518395
7.294279977641581
7.335140197782067
7.375107733400159
7.415075952159768
7.454933209083048
7.495333206827436
7.534991679433807
7.575210661939437
7.615638165843253
7.655225646245711
7.695722540892543
7.735962593286574
7.775241039604225
7.813863947080358
7.854686673682192
7.894407158470123
7.933872506286123
7.974260306122056
8.014231778589195
8.054506030801212
8.09361779327858
8.133907765634516
8.173993763622232
8.213476219887802
8.253459760412722
8.293561913808523
8.333162805342274
8.372129942565081
8.412165471079186
8.451868557047984
8.492924159273041
8.531711147591254
8.57190451204131
8.611433304271758
8.650717987478751
8.690570353857954
8.73052468095423
8.770306213108658
8.810108188502145
8.849616407528178
8.888380601076651
8.930616498555125
8.96876352302409
9.00853265084275
9.048415841259285
9.087390736103087
9.126670926949238
9.165716175054133
9.206854334979461
9.245727164151791
9.285549530927392
9.325930000398142
9.365220848476298
9.404949406974525
9.444717456111919
9.483886926815941
9.52303518932997
9.563262053413226
9.6032334012997
9.642328816203133
9.680991315759096
9.722011876771813
9.76161173216395
9.799557813927349
9.84031559167345
9.880056872274446
9.918937873736313
9.95928223382433
9.998399146765903
10.038620870546229
10.07742392100968
10.11749668040985
10.15676379821709
10.195645283015025
10.236665059407649
10.27496090954314
10.31552525316072
10.353676031609567
10.394334910005087
10.43352596449148
10.473028040625685
10.51216729638759
10.551925032693818
10.59181164303362
10.630953309592421
10.670769089108736
10.711015976758476
10.749303089594033
10.789305773463697
10.82887833302546
10.867617480396156
10.906893696349536
10.945860150856074
10.986031885151668
11.025818469610194
11.065448739829487
11.10453897188575
11.144913823863314
11.183903610968056
11.222655033881692
11.262071582435652
11.301117647194427
11.341019652898272
11.380872500307465
11.420025866745876
11.459297629107173
11.498608316009257
11.53781843020698
11.578506285984345
11.617054847553492
11.656647507000892
11.695689996455895
11.73577785687605
11.774966143216059
11.813975619713972
11.853392271732533
11.893309828816106
11.932718366546046
11.972354409533105
12.0116598623174
12.04991580201583
12.090013168713446
12.128834112049447
12.16745059087739
12.207916322430163
12.247774497155431
12.28796545330327
12.32587961762884
12.365480769074523
12.404737211732542
12.443892973993592
12.484193467309456
12.523426065328158
12.562680703401725
12.601478839729117
12.640752651474948
12.679746134421
12.719256253916496
12.758802483597073
12.798000970850294
12.837755294884891
12.877620159778965
12.916039994749356
12.956155282101536
12.995487206369546
13.03422007749545
13.073392220269085
13.112815339652146
13.15247557399426
13.192063773818552
13.231465599199865
13.270464019253343
13.310910152345356
13.348983604990234
13.388514880297924
13.427892439631053
13.467635942240008
13.506177299039415
13.546109572061084
13.58397613798031
13.62463057323767
13.662970178211118
13.702869142215768
13.74200966326778
13.782010611737798
13.819901605249399
13.860222577393646
13.898986323855615
13.938679092612055
13.977274698469945
14.017204724611629
14.056486824746644
14.096411396328314
14.135918546605236
14.17489482987697
14.214768916069112
14.252850819590007
14.29237649907303
14.331956919473129
14.371101846718194
14.411169572113474
14.449162044578529
14.489705822925451
14.528528572543514
14.56878635504594
14.606888921787414
14.645982503624271
14.685400243773472
14.724812195668319
14.764310782767264
14.804579132974263
14.842569637276737
14.881833826869144
14.922154278164223
14.961484749969587
14.999957285476873
15.039576982099424
15.079059033459675
15.117541748546088
15.156818121671957
15.196039377684773
15.236891297414521
15.275203812982486
15.313482461754932
15.353299485140644
15.392898367871638
15.431507475560405
15.470532703442876
15.510225624188259
15.550501265538784
15.589260446344941
15.627493313331511
15.667831732329951
15.706418247569497
15.745388215330493
15.785273369737455
15.82476080030395
15.863454008679161
15.902715943416325
15.941201498299861
15.981247329319636
16.02116780518358
16.05965472947904
16.099191854866724
16.13925177918045
16.17794677862207
16.217341241364437
16.2562774885053
16.295644121574007
16.334591480116565
16.373287535758728
16.413480754607846
16.453011202906257
16.491980600970063
16.531782486924538
16.570752653054463
16.610076615605553
16.648969717492506
16.68818309835536
16.728187839861206
16.76697300033498
16.806303359172244
16.845550966109407
16.885032974866014
