-22.611353531520656
-10.633646731738276
-9.542714432093433
-8.889530508620686
-8.41564834921006
-8.040206344837047
-7.725863058757451
-7.456024795165127
-7.215522671059733
-7.000271059566157
-6.804148463607666
-6.62420523817011
-6.4559498173445515
-6.297617672445277
-6.148936558370792
-6.009870598667527
-5.87562001504837
-5.748163332942706
-5.6257124780627175
-5.508945848611843
-5.395794216666764
-5.287392446194138
-5.18157133480917
-5.078782977765328
-4.978775263739779
-4.882588875845967
-4.7882655259388205
-4.696100276859463
-4.60597626758084
-4.518369343929998
-4.432144306454683
-4.348185171644209
-4.265713023470133
-4.1842853557568445
-4.105276688989639
-4.0269292684909725
-3.9501829108664146
-3.8742624362652798
-3.7991943525015945
-3.7261193564156856
-3.6531478383113427
-3.5820757303969817
-3.51162568681336
-3.4418381082855807
-3.373046780567628
-3.3050546977734667
-3.238619080277051
-3.1722340790100367
-3.1063199932220504
-3.0422449658414035
-2.9765094963897645
-2.9141185259984215
-2.8502692226572774
-2.787917020905454
-2.7264409222387997
-2.664754857182181
-2.6049985355835945
-2.543997546220117
-2.484497552210604
-2.424615310575923
-2.366803680853436
-2.3080954295047875
-2.2495425073814106
-2.1920918381169012
-2.134880577823595
-2.078427874299311
-2.0213463370500406
-1.965702882809173
-1.9105347459109925
-1.8542648816591147
-1.8000672919839902
-1.745287115466994
-1.6914658879647888
-1.6362076305007602
-1.5832603306997373
-1.5298899176117906
-1.4764923513196
-1.4240838147389556
-1.3710089442263023
-1.3186214603916886
-1.2669898465502802
-1.215303330644129
-1.1630084975874335
-1.111324507181303
-1.0603944425854301
-1.0094192022663042
-0.9594393935464549
-0.9078535027773788
-0.8580873218678748
-0.807256238787822
-0.7584375378048185
-0.7082900481908171
-0.6592388392203828
-0.6099016887290696
-0.5604132926845912
-0.5117150086887852
-0.462132948968582
-0.41334846492497657
-0.3651754261711409
-0.3162557542152826
-0.26953421854006293
-0.2213056972000369
-0.17320700555396723
-0.12498995518961845
-0.0775908077821664
-0.030305668449180766
0.01689294754717837
0.0635614052420128
0.11069513055201359
0.15741147561901608
0.20485557490022824
0.2509682504387654
0.2979866790341254
0.343415870970142
0.39045517847199157
0.4371678871332776
0.4830682335851298
0.5276202457774671
0.5739870831760404
0.6202421175196853
0.666030824553895
0.7112578040640997
0.756079277321199
0.8018753037868838
0.846831180005354
0.8925527395534172
0.9374779372179559
0.983117217060157
1.0273071058884606
1.071636777479718
1.1166235060260645
1.1613260051291154
1.2056287684483489
1.2500260205510323
1.2936519399350477
1.3386018510250945
1.3828631791803745
1.4267518616757824
1.4712494196717472
1.5144385570258363
1.5588595785630146
1.6024492175195282
1.6470122413989956
1.6897445604100974
1.7339009892779076
1.77809476747253
1.8206323324117655
1.8643083451016338
1.9079352844228463
1.9504905794101552
1.9938520518087433
2.037453865542239
2.0793824762357613
2.1236349802149843
2.1671639840073116
2.2095402073859125
2.2513746967077934
2.2953203328345064
2.337870956524161
2.380054755826188
2.4230693672135923
2.46624780909288
2.5085025163375008
2.550422227484208
2.592890680214911
2.6360487569876483
2.6784062025730737
2.721104584538625
2.7628148407618633
2.804614548495324
2.8470637132119108
2.8902902940375435
2.9312140518119962
2.973849581517753
3.0154017498652936
3.057619121703284
3.1001355275683387
3.1421645966631635
3.1838677899089434
3.226035646049143
3.2669734300031115
3.309120200663686
3.3507386425403403
3.3924381036779216
3.4345744952871513
3.4754641336192815
3.5174908980470603
3.5594994044448383
3.6009121319346424
3.6415024747296956
3.6840171780590665
3.7249602068617644
3.766895142765625
3.807333960965519
3.8484994330179294
3.889669037827204
3.9311579258291363
3.971795268821025
4.014007443088417
4.055128142578554
4.095785924053634
4.137619803193113
4.178258509049548
4.219336825237112
4.260076693152842
4.301833074473655
4.342770193516718
4.384033491937263
4.424792548908107
4.4651650959589935
4.506591095839677
4.548002830780486
4.587735261370052
4.629336726395808
4.6698622283611915
4.710681385112477
4.751430159840865
4.792630139113423
4.832953543076555
4.873680042743751
4.914774060722058
4.954911214842215
4.9956326932913715
5.036311061901518
5.0768954445941645
5.117702996655537
5.158546871538264
5.1978320208074615
5.239201866130376
5.27901582951267
5.320217731429863
5.361007236749368
5.402117835457039
5.441187668640291
5.4817855040218975
5.522298850621781
5.563245806355401
5.603023948093707
5.643286542458926
5.68403388991797
5.7246240147672935
5.764741757937132
5.804550121233716
5.8456972958434115
5.886103967391721
5.925166843698213
5.966012491966013
6.006395377536627
6.047064360024612
6.086285904616867
6.126288180115659
6.166817398773221
6.2068691267814415
6.247356935928836
6.287789718379351
6.327123661472062
6.36833279622146
6.407500685915783
6.448127790568014
6.488212239506285
6.527818219820514
6.568776556589161
6.608146086865283
6.648254934905415
6.6885926013924335
6.728114103893079
6.768805593122791
6.808358847285691
6.848787442874396
6.888341671388438
6.92831453542073
6.968934685661124
7.008405086931989
7.047934205826393
7.0878564557002495
7.127805801600068
7.168155186952377
7.208209482831786
7.247255672296106
7.287298217853264
7.327381668861718
7.367257461650056
7.407694056161194
7.446823852662183
7.486760663931205
7.527550946505312
7.566296885368556
7.6064136831174896
7.64630691200401
7.686161468379129
7.7256143856832225
7.766542842717064
7.806145767371938
7.8445090662507715
7.884109521988952
7.923761492804564
7.965061219084732
8.003891194470034
8.043511255776114
8.083758390937737
8.123181011981401
8.162398572223687
8.202189444045205
8.24288469904401
8.282406951537144
8.32060978216359
8.362608410575874
8.401504946770798
8.440324886246067
8.48083298936839
8.520477655718297
8.559327452464569
8.599166362550344
8.638502779560342
8.677993455366204
8.717820806921605
8.757166781091403
8.79749778334807
8.836460245651738
8.876799583178354
8.91674771228407
8.9556135769696
8.995287546120815
9.034807078424995
9.074518230377247
9.114262124390038
9.153713947398279
9.193093806806479
9.233319303463547
9.272003861836065
9.312532432691047
9.3513195273041
9.390627082354117
9.431051844408223
9.469853117827052
9.51040343723782
9.54908915998336
9.588340178984643
9.628761312516597
9.667641428563984
9.70746673658367
9.74663548513069
9.786755302487446
9.82542721877941
9.865427359297051
9.905062232884267
9.944553164522691
9.98347591797683
10.023486325328676
10.062558707348462
10.10215982738168
10.14181160859687
10.180366185654755
10.221388549471142
10.260615081858107
10.300148003211534
10.339560931478362
10.378241462421446
10.417710139296918
10.45776864940268
10.497601353006708
10.536004034748657
10.575132714828124
10.614511439694288
10.65414444793518
10.694128078896613
10.733379358502319
10.773224661711865
10.812276846147562
10.851561097604874
10.891134463429072
10.930548536722558
10.969788826032879
11.009484027382703
11.048551353902338
11.088016802300979
11.127150359715074
11.165847149328208
11.206524088688898
11.245041681888896
11.285339257949317
11.324205237683504
11.364653416532425
11.403829056830805
11.442949452274904
11.482481381256612
11.522456263931026
11.560551596343247
11.600748201633078
11.639108955302877
11.679487116986468
11.717983101053212
11.757877405568655
11.796048498243913
11.836248201110097
11.876330253452203
11.916147045325483
11.95424768021565
11.99425962531177
12.032628912796694
12.072435756940061
12.111728319618377
12.150374588835504
12.191295097144687
12.230819512126676
12.268591153139992
12.308597669351306
12.347415910813847
12.387826156228527
12.425944860530207
12.466133498940584
12.506041675453526
12.545247167956493
12.583804930754479
12.622565250980193
12.662992133766377
12.702417638384237
12.741700549125868
12.779788460638246
12.819859988643866
12.858703590425375
12.898622286766965
12.938307286874046
12.976725119381982
13.016391289409079
13.055176849996597
13.094860099708619
13.134340892768702
13.173248956436586
13.213489112243638
13.252547220755094
13.292132447403674
13.331043453684233
13.37073379636694
13.40913702903979
13.449055418281018
13.487857157982914
13.52731383861863
13.56765375064582
13.606359837406208
13.64593212910077
13.684868511776466
13.72382445110272
13.763470807766637
13.802337800144041
13.84268977590366
13.88247483092419
13.920388864659278
13.959843867269036
13.998968477979428
14.038140504808363
14.07755568767791
14.116141562421188
14.1567617679287
14.196136562714608
14.234180609763445
14.274285034711289
14.3134318341477
14.353144917031486
14.391501981542781
14.430427461486953
14.46981075272347
14.509731041953106
14.54950634216271
14.588492222039076
14.627843758153118
14.666594233842652
14.705938387479227
14.745791934437696
14.784446302677312
14.82442228956921
14.86274577613988
14.902653108671553
14.94192534478781
14.982544204221748
15.02095072749867
15.059175828021742
15.098841632600498
15.137339206367836
15.177749230242753
15.217065572924142
15.25562456305842
15.295094388538873
15.33426258618444
15.373596337105237
15.41308264166596
15.452540205718813
15.491506610265885
15.531144870584647
15.569354970512954
15.609552595302386
15.649037678295501
15.688045248946658
15.726841771861702
15.766794001082967
15.80647156575785
15.844167554676229
15.883705618153058
15.92262174388969
15.962791393637692
